1.650000000000000000e+01 -1.650000000000000000e+01 1.650000000000000000e+01 1.650000000000000000e+01 -1.650000000000000000e+01 1.650000000000000000e+01 -1.650000000000000000e+01 -1.650000000000000000e+01
1.650025869946004065e+01 -1.649968359791502692e+01 1.649971455253443864e+01 1.650029249860581615e+01 -1.650027733135937424e+01 1.649969979505815587e+01 -1.649969757081670707e+01 -1.650027490412709597e+01
1.650090327815646774e+01 -1.649863740702627268e+01 1.649874710979045744e+01 1.650105016054145679e+01 -1.650098390149080174e+01 1.649869443158111082e+01 -1.649868654833866088e+01 -1.650097335285139621e+01
1.650171614973605116e+01 -1.649674658318479814e+01 1.649695918779297088e+01 1.650206962605598093e+01 -1.650190945513270435e+01 1.649685613740977885e+01 -1.649684085821696300e+01 -1.650188406849256495e+01
1.650245826918964553e+01 -1.649394045800152853e+01 1.649425379795169633e+01 1.650312126555423831e+01 -1.650281965025173747e+01 1.649409993990726520e+01 -1.649407741826198404e+01 -1.650277203214204036e+01
1.650287663015945228e+01 -1.649019580165563070e+01 1.649057952878573019e+01 1.650395626444403518e+01 -1.650346334466816955e+01 1.649038737549055966e+01 -1.649035978915887313e+01 -1.650338579993334065e+01
1.650271220021627983e+01 -1.648553894110976614e+01 1.648593353928909266e+01 1.650431427135313456e+01 -1.650358038896097668e+01 1.648572908310135077e+01 -1.648570070508022667e+01 -1.650346531658545146e+01
1.650170813128197977e+01 -1.648004667999521189e+01 1.648036339230743508e+01 1.650393145393185890e+01 -1.650290976636955165e+01 1.648018621814582829e+01 -1.648016342201083972e+01 -1.650275006643009235e+01
1.649961807625258459e+01 -1.647384598844362102e+01 1.647396767748644564e+01 1.650254879791085472e+01 -1.650119791297109018e+01 1.647387064503755028e+01 -1.647386184326295577e+01 -1.650098739487019728e+01
1.649621443962144340e+01 -1.646711245380527444e+01 1.646689539550832748e+01 1.649992047931055694e+01 -1.649820704679423500e+01 1.646694388890247396e+01 -1.646695940412201153e+01 -1.649794082877896173e+01
1.649129638957244026e+01 -1.646006750614442993e+01 1.645934409810250187e+01 1.649582213680201548e+01 -1.649372333281505121e+01 1.645961484989443235e+01 -1.645966672046492718e+01 -1.649339822281913825e+01
1.648469746163049621e+01 -1.645297445527439351e+01 1.645155680133769494e+01 1.649005887125854031e+01 -1.648756471201299334e+01 1.645213630655736736e+01 -1.645223802917057654e+01 -1.648717956007855889e+01
1.647629258949427111e+01 -1.644613339852048384e+01 1.644381771260731284e+01 1.648247280252962454e+01 -1.647958822683782287e+01 1.644480025738995010e+01 -1.644496647082684149e+01 -1.647914423977441700e+01
1.646600440706367152e+01 -1.643987508001670861e+01 1.643644683414080987e+01 1.647295001938329051e+01 -1.646969668250585528e+01 1.643793217185256950e+01 -1.643817828726556129e+01 -1.646919769202364492e+01
1.645380867679871173e+01 -1.643455380279990052e+01 1.642979352744843169e+01 1.646142676732621979e+01 -1.645784449341219258e+01 1.643188424314914187e+01 -1.643222602746874372e+01 -1.645729716971473167e+01
1.643973871324973146e+01 -1.643053951392732870e+01 1.642422914348416185e+01 1.644789473050538930e+01 -1.644404257647913070e+01 1.642702775487107658e+01 -1.642748087504291732e+01 -1.644345658020857925e+01
1.642388868668516722e+01 -1.642820919999518736e+01 1.642013884215638342e+01 1.643240527795961725e+01 -1.642836216828233731e+01 1.642374469168227336e+01 -1.642432422842829709e+01 -1.642775023476254503e+01
1.640641570997826548e+01 -1.642793774548615815e+01 1.641791274181337812e+01 1.641507256092467770e+01 -1.641093746008936449e+01 1.642241874034822047e+01 -1.642313868099387264e+01 -1.641031541099426150e+01
1.638754063202901179e+01 -1.643008841906375039e+01 1.641793655419292719e+01 1.639607536646343178e+01 -1.639196696425730337e+01 1.642342584129318084e+01 -1.642429856189443882e+01 -1.639135364312509324e+01
1.636754748269357762e+01 -1.643500316303325448e+01 1.642058187279292625e+01 1.637565765312086441e+01 -1.637171354648264199e+01 1.642712446226319400e+01 -1.642816020978936464e+01 -1.637113067588063586e+01
1.634678153714451199e+01 -1.644299286851453346e+01 1.642619629246893354e+01 1.635412771629034978e+01 -1.635050308086342596e+01 1.643384577437024419e+01 -1.643505216003935843e+01 -1.634997504046177141e+01
1.632564599144343020e+01 -1.645432782327121402e+01 1.643509354510765519e+01 1.633185595419344338e+01 -1.632872170828287750e+01 1.644388391662496218e+01 -1.644526543163950549e+01 -1.632827523459535612e+01
1.630459726550907718e+01 -1.646922852050825981e+01 1.644754384031615047e+01 1.630927122947005969e+01 -1.630681170289794579e+01 1.645748653790329641e+01 -1.645904410278938812e+01 -1.630647551296976872e+01
1.628413897423110512e+01 -1.648785701522319513e+01 1.646376460110140272e+01 1.628685584598223457e+01 -1.628526597614296278e+01 1.647484580505252794e+01 -1.647657636356261079e+01 -1.628507031898470103e+01
1.626481463183023735e+01 -1.651030900986000560e+01 1.648391178243550925e+01 1.626513918517335000e+01 -1.626462127225667587e+01 1.649609006248470777e+01 -1.649798623058276803e+01 -1.626459741331460762e+01
1.624719917831511751e+01 -1.653660684309931383e+01 1.650807195539500327e+01 1.624469007081127714e+01 -1.624545013352487288e+01 1.652127632213857211e+01 -1.652332610195122342e+01 -1.624562977891661220e+01
1.623188943965471154e+01 -1.656669354470093225e+01 1.653625533126355407e+01 1.622610795479165446e+01 -1.622835173681740883e+01 1.655038375316827626e+01 -1.655257032096132619e+01 -1.622876640542244076e+01
1.621949365470416282e+01 -1.660042810551864179e+01 1.656838988867561824e+01 1.621001303950655625e+01 -1.621394172521099009e+01 1.658330832823928702e+01 -1.658560990447709216e+01 -1.621462207796552946e+01
1.621062022163634708e+01 -1.663758209529892440e+01 1.660431675268186069e+01 1.619703547372249730e+01 -1.620284117916447997e+01 1.661985876802421913e+01 -1.662224857640089226e+01 -1.620381631604594475e+01
1.620586583430871030e+01 -1.667783774186594670e+01 1.664378695770632532e+01 1.618780377860638708e+01 -1.619566489050624725e+01 1.665975390758386965e+01 -1.666220022859622318e+01 -1.619696162668364536e+01
1.620580319432728089e+01 -1.672078756403377398e+01 1.668645970695453329e+01 1.618293267815426262e+01 -1.619300911908101881e+01 1.670262158802207253e+01 -1.670508791120214198e+01 -1.619465125253451276e+01
1.621096849727999967e+01 -1.676593562736103848e+01 1.673190221917488429e+01 1.618301052350865987e+01 -1.619543902599335183e+01 1.674799915438688913e+01 -1.675044443174703090e+01 -1.619744660955230486e+01
1.622184890145788927e+01 -1.681270046699238918e+01 1.677959123006382924e+01 1.618858651321942688e+01 -1.620347598871465777e+01 1.679533561655968654e+01 -1.679771461814792133e+01 -1.620586461991375771e+01
1.623887019416088506e+01 -1.686041969566453602e+01 1.682891619036212205e+01 1.620015792116822695e+01 -1.621758501166669220e+01 1.684399550416420865e+01 -1.684625927490573716e+01 -1.622036515406293944e+01
1.626238487423444212e+01 -1.690835628786545897e+01 1.687918417616802458e+01 1.621815755043709828e+01 -1.623816245107286349e+01 1.689326441970214887e+01 -1.689536083494046181e+01 -1.624133880069283364e+01
1.629266086968630134e+01 -1.695570650351625375e+01 1.692962649957057053e+01 1.624294163469556551e+01 -1.626552427473906803e+01 1.694235626656532290e+01 -1.694423068193952275e+01 -1.626909518513076236e+01
1.632987110602061520e+01 -1.700160938680251022e+01 1.697940697977827895e+01 1.627477840859520697e+01 -1.629989507589467834e+01 1.699042210068862246e+01 -1.699201809022015297e+01 -1.630385205483830902e+01
1.637408413427818132e+01 -1.704515774833126329e+01 1.702763180689604638e+01 1.631383756512738259e+01 -1.634139805524525713e+01 1.703656052680578625e+01 -1.703782070134519344e+01 -1.634572534553383605e+01
1.642525601771575339e+01 -1.708541051204785433e+01 1.707336090280347918e+01 1.636018081090129428e+01 -1.639004617696590671e+01 1.707982953296984263e+01 -1.708069642950053435e+01 -1.639472043280308355e+01
1.648322366267285943e+01 -1.712140628272908316e+01 1.711562065663249399e+01 1.641375371986766751e+01 -1.644573469255069398e+01 1.711925963062089195e+01 -1.711967666135904054e+01 -1.645072476203811007e+01
1.654769976258991093e+01 -1.715217796577994491e+01 1.715341788654749777e+01 1.647437907222992948e+01 -1.650823521133379046e+01 1.715386814243721147e+01 -1.715378059123171539e+01 -1.651350203424339469e+01
1.661826950453324514e+01 -1.717676824889141329e+01 1.718575485530552882e+01 1.654175184828222811e+01 -1.657719147826401240e+01 1.718267445689252781e+01 -1.718203050914122798e+01 -1.658268810682709216e+01
1.669438916517449556e+01 -1.719424573523573230e+01 1.721164514480897978e+01 1.661543602687222787e+01 -1.665211699834769732e+01 1.720471604724450998e+01 -1.720346783842648009e+01 -1.665778874715838853e+01
1.677538669823143991e+01 -1.720372150062711114e+01 1.723013017493085997e+01 1.669486331533441970e+01 -1.673239462332127658e+01 1.721906503395663179e+01 -1.721716970095657473e+01 -1.673817935266842127e+01
1.686046438821351146e+01 -1.720436583277164999e+01 1.724029613463703470e+01 1.677933391234811822e+01 -1.681727818986444234e+01 1.722484505363738450e+01 -1.722226577232645184e+01 -1.682310672489429137e+01
1.694870361627452837e+01 -1.719542489964654663e+01 1.724129107916439452e+01 1.686801937755712899e+01 -1.690589627034612974e+01 1.722124818476399000e+01 -1.721795517681817245e+01 -1.691169295644477089e+01
1.703907175343694291e+01 -1.717623708642092240e+01 1.723234193601476250e+01 1.695996765229610403e+01 -1.699725806707373721e+01 1.720755167099988725e+01 -1.720352316269599768e+01 -1.700294145976928561e+01
1.713043116482461770e+01 -1.714624873634906521e+01 1.721277115502693178e+01 1.705411024478569360e+01 -1.709026144968665761e+01 1.718313417703163992e+01 -1.717835729277244639e+01 -1.709574513523596906e+01
1.722155027625603907e+01 -1.710502903087527571e+01 1.718201273398383933e+01 1.714927156109822448e+01 -1.718370310312074878e+01 1.714749130971009805e+01 -1.714196288330120765e+01 -1.718889664379400273e+01
1.731111662205634261e+01 -1.705228374787929368e+01 1.713962735124047754e+01 1.724418033049307297e+01 -1.727629072091313489e+01 1.710025013900194679e+01 -1.709397742623707472e+01 -1.728110071685312832e+01
1.739775176070554963e+01 -1.698786764460259846e+01 1.708531634081167994e+01 1.733748304083057690e+01 -1.736665714597516441e+01 1.704118245890843752e+01 -1.703418373581661527e+01 -1.737098840341821315e+01
1.748002791341865958e+01 -1.691179522331367124e+01 1.701893425327504872e+01 1.742775926716016244e+01 -1.745337632880163881e+01 1.697021653810175579e+01 -1.696252157026543017e+01 -1.745713312243537629e+01
1.755648615041716454e+01 -1.682424965312511844e+01 1.694049975770593619e+01 1.751353874471381289e+01 -1.753498094187652256e+01 1.688744712352452382e+01 -1.687909749318417596e+01 -1.753806835720799739e+01
1.762565592095972988e+01 -1.672558964044297625e+01 1.685020465559645686e+01 1.759332000688977615e+01 -1.760998145924475722e+01 1.679314347749825487e+01 -1.678419275670498223e+01 -1.761230679909066055e+01
1.768607569659860346e+01 -1.661635406312964847e+01 1.674842079719114807e+01 1.766559037984686142e+01 -1.767688648230237192e+01 1.668775524984028280e+01 -1.667826900968796622e+01 -1.767836071992132929e+01
1.773631447304310882e+01 -1.649726420936561766e+01 1.663570471371611248e+01 1.772884709849577334e+01 -1.773422406725187983e+01 1.657191601089105504e+01 -1.656197165883530431e+01 -1.773476332724431614e+01
1.777499385484296113e+01 -1.636922349111965858e+01 1.651279980535082359e+01 1.778161928439971007e+01 -1.778056378679352179e+01 1.644644429894704274e+01 -1.643613073837708072e+01 -1.778009083372313270e+01
1.780081042922028445e+01 -1.623331453375289612e+01 1.638063595420655005e+01 1.782249050478538877e+01 -1.781453923886278901e+01 1.631234206607305381e+01 -1.630175917461988533e+01 -1.781298495262828752e+01
1.781255812111110970e+01 -1.609079357721619985e+01 1.624032646369834865e+01 1.785012161388774032e+01 -1.783487069893363142e+01 1.617079043927814652e+01 -1.616004836478962048e+01 -1.783217551526066913e+01
1.780915021111367480e+01 -1.594308216013929602e+01 1.609316226015092610e+01 1.786327356354056306e+01 -1.784038759989842049e+01 1.602314274918730064e+01 -1.601236102484767088e+01 -1.783650289394616451e+01
1.778964069182311292e+01 -1.579175609540638803e+01 1.594060332884434494e+01 1.786082985957098046e+01 -1.783005051507733185e+01 1.587091481519390079e+01 -1.586022129787929202e+01 -1.782493990607602541e+01
1.775324463615077164e+01 -1.563853178408915667e+01 1.578426739453034955e+01 1.784181833440034382e+01 -1.780297231572095029e+01 1.571577251417074450e+01 -1.570530215277839403e+01 -1.779661287078550913e+01
1.769935725381658287e+01 -1.548524995336320309e+01 1.562591589525155200e+01 1.780543190448906543e+01 -1.775843817461525020e+01 1.555951669865814146e+01 -1.554941014179031455e+01 -1.775082149042168922e+01
1.762757131934271015e+01 -1.533385694274937450e+01 1.546743733756714079e+01 1.775104798402285766e+01 -1.769592409218745033e+01 1.540406556952355999e+01 -1.539446762451045103e+01 -1.768705723405509289e+01
1.753769266658430936e+01 -1.518638370116834047e+01 1.531082816050656525e+01 1.767824623360095870e+01 -1.761511363089414317e+01 1.525143464687140948e+01 -1.524249260464369371e+01 -1.760501990998499267e+01
1.742975346106576140e+01 -1.504492269434146934e+01 1.515817127420202226e+01 1.758682433466941930e+01 -1.751591255763929667e+01 1.510371452093884415e+01 -1.509557636367334688e+01 -1.750463212845960470e+01
1.730402298204343126e+01 -1.491160295748391995e+01 1.501161247665296727e+01 1.747681149700068914e+01 -1.739846111244661131e+01 1.496304660130860142e+01 -1.495585911203317231e+01 -1.738605137460356076e+01
1.716101567112320225e+01 -1.478856356149635687e+01 1.487333498791610964e+01 1.734847942754707262e+01 -1.726314364446429650e+01 1.483159711747364717e+01 -1.482550391289488623e+01 -1.724967943467735054e+01
1.700149623319584791e+01 -1.467792579146736820e+01 1.474553237466711231e+01 1.720235051432188911e+01 -1.711059538341427100e+01 1.471152965608522756e+01 -1.470666916576128713e+01 -1.709616894608670279e+01
1.682648160813071314e+01 -1.458176436377047835e+01 1.463038016903811211e+01 1.703920300835820356e+01 -1.694170614555701704e+01 1.460497654961062253e+01 -1.460147996619972410e+01 -1.692642687275486324e+01
1.663723966774697516e+01 -1.450207803192999911e+01 1.453000651341478466e+01 1.686007301997210917e+01 -1.675762080781380092e+01 1.451400945715208124e+01 -1.451199868379631397e+01 -1.674161474224976232e+01
1.643528453166801384e+01 -1.444075995132829071e+01 1.444646218702619578e+01 1.666625318217002416e+01 -1.655973642150149061e+01 1.444060950040040048e+01 -1.444019512232812019e+01 -1.654314551904920449e+01
1.622236843731573330e+01 -1.439956818836646413e+01 1.438169039026588436e+01 1.645928787368917412e+01 -1.634969587777214883e+01 1.438663733572253101e+01 -1.438791664384839208e+01 -1.633267702910836761e+01
1.600047014303178017e+01 -1.438009677055328694e+01 1.433749667837327735e+01 1.624096493639916972e+01 -1.612937807984430094e+01 1.435380355686591614e+01 -1.435685865151657659e+01 -1.611210189399540837e+01
1.577177988859729396e+01 -1.438374767991950520e+01 1.431551944706001400e+01 1.601330386612953305e+01 -1.590088462195692287e+01 1.434363983140808685e+01 -1.434853583428912494e+01 -1.588353397777375164e+01
1.553868098370525708e+01 -1.441170419293234062e+01 1.431720137862041575e+01 1.577854050189241875e+01 -1.566652302112858663e+01 1.435747117765066250e+01 -1.436425457978578457e+01 -1.564929139598787344e+01
1.530372814163779971e+01 -1.446490596557503139e+01 1.434376225781235625e+01 1.553910828537915911e+01 -1.542878659468918912e+01 1.439638978697481519e+01 -1.440508695958647678e+01 -1.541187618297970729e+01
1.506962272191353946e+01 -1.454402625238290447e+01 1.439617356219122080e+01 1.529761620993539495e+01 -1.519033112357616666e+01 1.446123078962820685e+01 -1.447184668378814365e+01 -1.517395076072864235e+01
1.483918509138626263e+01 -1.464945163298145836e+01 1.447513522154817522e+01 1.505682362535486085e+01 -1.495394848793997689e+01 1.455255034945558457e+01 -1.456506740881860118e+01 -1.493831139885933545e+01
1.461532435757899862e+01 -1.478126459911483437e+01 1.458105492563631955e+01 1.481961211115817889e+01 -1.472253750706716957e+01 1.467060645524045270e+01 -1.468498376429394270e+01 -1.470785890077976532e+01
1.440100577031716433e+01 -1.493922932941505977e+01 1.471403033852617703e+01 1.458895467591815454e+01 -1.449907225938548017e+01 1.481534275318708183e+01 -1.483151544121630394e+01 -1.448556679448029705e+01
1.419921612738028927e+01 -1.512278094844518428e+01 1.487383455184757963e+01 1.436788258303916521e+01 -1.428656819975397596e+01 1.498637573680515089e+01 -1.500425465520877921e+01 -1.427444734773407475e+01
1.401292755634673703e+01 -1.533101853112119883e+01 1.505990507805158884e+01 1.415945014359021847e+01 -1.408804642976826038e+01 1.518298557729696086e+01 -1.520245726501277872e+01 -1.407751576569767238e+01
1.384506007750705692e+01 -1.556270207381554904e+01 1.527133664893521470e+01 1.396669785374370498e+01 -1.390649651185603908e+01 1.540411083979190288e+01 -1.542503778843675555e+01 -1.389775296365092139e+01
1.369844338115559168e+01 -1.581625360966734029e+01 1.550687804435333916e+01 1.379261428752820606e+01 -1.374483824896317685e+01 1.564834728879222325e+01 -1.567056851571600795e+01 -1.373806733830053162e+01
1.357577827626238509e+01 -1.608976259833204381e+01 1.576493313169947719e+01 1.364009718444260244e+01 -1.360588287813547481e+01 1.591395094041806857e+01 -1.593728287425520307e+01 -1.360125598720760109e+01
1.347959828605691790e+01 -1.638099567010924318e+01 1.604356624883422455e+01 1.351191419552252526e+01 -1.349229414783335557e+01 1.619884546995674057e+01 -1.622308314947037644e+01 -1.348996584703498591e+01
1.341223187905353953e+01 -1.668741075165759824e+01 1.634051201219715566e+01 1.341066377027091683e+01 -1.340654976497530804e+01 1.650063403137204432e+01 -1.652555261446961765e+01 -1.340665523705102125e+01
1.337576583121162521e+01 -1.700617554594731828e+01 1.665318957842479008e+01 1.333873668009102786e+01 -1.335090370815003524e+01 1.681661549140345358e+01 -1.684197206720309836e+01 -1.335355630433457463e+01
1.337201021601263662e+01 -1.733419028335985246e+01 1.697872133252834104e+01 1.329827868118357337e+01 -1.332734990788999951e+01 1.714380502531100703e+01 -1.716934071810529616e+01 -1.333263887113142765e+01
1.340246551408478126e+01 -1.766811460459406646e+01 1.731395591921231869e+01 1.329115482104866075e+01 -1.333758779315332177e+01 1.747895896486376444e+01 -1.750440131480993244e+01 -1.334557618261145961e+01
1.346829232252192554e+01 -1.800439837997739545e+01 1.765549547691993837e+01 1.331891588759811640e+01 -1.338299019508268017e+01 1.781860373251685914e+01 -1.784366933393246768e+01 -1.339371304474174806e+01
1.357028412621180102e+01 -1.833931621461556105e+01 1.799972687737786359e+01 1.338276748834086760e+01 -1.346457408464168282e+01 1.815906863958227291e+01 -1.818346601389324846e+01 -1.347803682707074735e+01
1.370884356937478543e+01 -1.866900533526388983e+01 1.834285671749798041e+01 1.348354222913757994e+01 -1.358297459989254463e+01 1.849652227128866500e+01 -1.851995494801435527e+01 -1.359915178394042279e+01
1.388396263526246521e+01 -1.898950650357362235e+01 1.868094975620022780e+01 1.362167543769497335e+01 -1.373842279157542379e+01 1.882701212866374618e+01 -1.884918190438140684e+01 -1.375725712011402457e+01
1.409520710580066094e+01 -1.929680755215918353e+01 1.900997043676622411e+01 1.379718484643032639e+01 -1.393072748246160408e+01 1.914650714686890254e+01 -1.916711748892664247e+01 -1.395212919321486922e+01
1.434170563118658137e+01 -1.958688909541968215e+01 1.932582708642393499e+01 1.400965461280859969e+01 -1.415926159694192421e+01 1.945094266266252347e+01 -1.946970222155231767e+01 -1.418310820598373745e+01
1.462214369244599155e+01 -1.985577192687741288e+01 1.962441833968247806e+01 1.425822401304352205e+01 -1.442295327281877704e+01 1.973626736073283894e+01 -1.975289355253736900e+01 -1.444908969652504283e+01
1.493476268817511610e+01 -2.009956557957127288e+01 1.990168129113559914e+01 1.454158109754294159e+01 -1.472028201771069078e+01 1.999849169035444874e+01 -2.001271430858434996e+01 -1.474852108484577151e+01
1.527736432065842109e+01 -2.031451749632383752e+01 2.015364084764570407e+01 1.485796154412435044e+01 -1.504928011834096147e+01 2.023373721077406628e+01 -2.024530202525197353e+01 -1.507940347958922800e+01
1.564732039685206111e+01 -2.049706223298755958e+01 2.037645971957245195e+01 1.520515288835620282e+01 -1.540753945282173731e+01 2.043828629645674511e+01 -2.044695859571384489e+01 -1.543929889048770576e+01
1.604158809700137667e+01 -2.064387010051001781e+01 2.056648846652958085e+01 1.558050424998610239e+01 -1.579222379447984892e+01 2.060863161230247442e+01 -2.061419964525912718e+01 -1.582534293032578887e+01
1.645673069861381421e+01 -2.075189464120839133e+01 2.072031499548736377e+01 1.598094161094964072e+01 -1.620008663147396177e+01 2.074152475458512868e+01 -2.074380302711139024e+01 -1.623426302579567349e+01
1.688894367687981557e+01 -2.081841833130581776e+01 2.083481289826093530e+01 1.640298863461666556e+01 -1.662749446014606036e+01 2.083402344601122280e+01 -2.083285582832170491e+01 -1.666240209026227603e+01
1.733408603519739799e+01 -2.084109590576957416e+01 2.090718801183675168e+01 1.684279294847339870e+01 -1.707045544249669433e+01 2.088353667320424734e+01 -2.087879927494459764e+01 -1.710574754390369279e+01
1.778771665201878704e+01 -2.081799471293328807e+01 2.093502258880906197e+01 1.729615774414348195e+01 -1.752465325016715525e+01 2.088786716227009066e+01 -2.087947093360264361e+01 -1.755996549874789636e+01
1.824513536361794408e+01 -2.074763152532329968e+01 2.091631647655805892e+01 1.775857848033092168e+01 -1.798548584967150532e+01 2.084525060297976395e+01 -2.083314362197078751e+01 -1.802043985860807851e+01
1.870142843740994465e+01 -2.062900525949320496e+01 2.084952472274534330e+01 1.822528440675350225e+01 -1.844810891717772705e+01 2.075439105451912525e+01 -2.073856046365914807e+01 -1.848231601765845866e+01
1.915151802796149383e+01 -2.046162509136004459e+01 2.073359105118309031e+01 1.869128456126554383e+01 -1.890748350672684097e+01 2.061449199560972545e+01 -2.059496555334569479e+01 -1.894054877722419050e+01
1.959021514863702862e+01 -2.024553349429695714e+01 2.056797668601063833e+01 1.915141782898132305e+01 -1.935842753422956264e+01 2.042528251891815216e+01 -2.040212973561779108e+01 -1.938995403911092552e+01
2.001227563671733378e+01 -1.998132377474745880e+01 2.035268404315364776e+01 1.960040659213099090e+01 -1.979567058170565375e+01 2.018703821376724505e+01 -2.016037104554248316e+01 -1.982526377628215997e+01
2.041245853957396150e+01 -1.967015173397238925e+01 2.008827485592190953e+01 2.003291344341351277e+01 -2.021391147281708101e+01 1.990059633187636834e+01 -1.987056941012772526e+01 -2.024118372868863247e+01
2.078558630480003444e+01 -1.931374114422529686e+01 1.977588235590810228e+01 2.044360038452755290e+01 -2.060787802254204948e+01 1.956736488773538341e+01 -1.953417526710087770e+01 -2.063245322430989148e+01
2.112660611875888250e+01 -1.891438279259462263e+01 1.941721719058061879e+01 2.082718988609178723e+01 -2.097238832154605248e+01 1.918932540772079420e+01 -1.915321182027291513e+01 -2.099390648368190071e+01
2.143065170642186246e+01 -1.847492691529845743e+01 1.901456682453627778e+01 2.117852714598864239e+01 -2.130241288007523792e+01 1.876902910957496218e+01 -1.873027071855526771e+01 -2.132053473099884044e+01
2.169310488116861890e+01 -1.799876891864255057e+01 1.857078824163317421e+01 2.149264285089771676e+01 -2.159313692760943937e+01 1.830958636570001374e+01 -1.826850101775448820e+01 -2.160754840686876577e+01
2.190965611687668968e+01 -1.748982835937071911e+01 1.808929383943043234e+01 2.176481572097489448e+01 -2.184002214357617788e+01 1.781464937910911317e+01 -1.777159135982748950e+01 -2.185043875747475184e+01
2.207636340651396978e+01 -1.695252123590442039e+01 1.757403048472620455e+01 2.199063410075114433e+01 -2.203886708157212126e+01 1.728838807901265184e+01 -1.724374538251586841e+01 -2.204503806266817989e+01
2.218970867185405993e+01 -1.639172572210259204e+01 1.702945177866055460e+01 2.216605585075709328e+01 -2.218586554510607201e+01 1.673545932302871719e+01 -1.668965045232266675e+01 -2.218757776173296037e+01
2.224665099805492119e+01 -1.581274155574854134e+01 1.646048366094086646e+01 2.228746579442055520e+01 -2.227766217711613450e+01 1.616096957398748657e+01 -1.611443989473868754e+01 -2.227474374045043248e+01
2.224467598476863373e+01 -1.522124337404548200e+01 1.587248356432497864e+01 2.235172998363371022e+01 -2.231140453857373984e+01 1.557043130030932332e+01 -1.552364897652744347e+01 -2.230372805680660520e+01
2.218184053217523655e+01 -1.462322836701063800e+01 1.527119341160473809e+01 2.235624606414205928e+01 -2.228479097341719495e+01 1.496971342901602853e+01 -1.492316497477856174e+01 -2.227227640525796915e+01
2.205681241574265172e+01 -1.402495869584101484e+01 1.466268682700009940e+01 2.229898904856404585e+01 -2.219611358780214516e+01 1.436498625861553968e+01 -1.431917174536990345e+01 -2.217873065084546624e+01
2.186890404738803539e+01 -1.343289919612058547e+01 1.405331101112638059e+01 2.217855184029713200e+01 -2.204429571105428920e+01 1.376266131441460416e+01 -1.371808927847318671e+01 -2.202206580444959272e+01
2.161809987272994604e+01 -1.285365095421855841e+01 1.344962380256901824e+01 2.199417989558551056e+01 -2.182892325349396856e+01 1.316932670030806563e+01 -1.312650879984469654e+01 -2.180192085883826181e+01
2.130507691384702795e+01 -1.229388140848113231e+01 1.285832651864371989e+01 2.174579946329372859e+01 -2.155026943210077661e+01 1.259167856783825634e+01 -1.255112404293602779e+01 -2.151862296149336373e+01
2.093121803387179725e+01 -1.176025168398797049e+01 1.228619323221989212e+01 2.143403890202135287e+01 -2.120931239832495407e+01 1.203644938442136691e+01 -1.199865937745078170e+01 -2.117320446403083878e+01
2.049861757322245381e+01 -1.125934191991559530e+01 1.173999719966778521e+01 2.106024264157806059e+01 -2.080774537265788027e+01 1.151033373725436526e+01 -1.147579553402195174e+01 -2.076741245877213160e+01
2.001007908660026047e+01 -1.079757539118348220e+01 1.122643520623570268e+01 2.062647742989034683e+01 -2.034797896717909182e+01 1.101991245676019737e+01 -1.098909371141010638e+01 -2.030371049000907746e+01
1.946910499425517926e+01 -1.038114226037964372e+01 1.075205063871698563e+01 2.013553058641364757e+01 -1.983313545944688983e+01 1.057157588278295179e+01 -1.054491889131354654e+01 -1.978527220996810243e+01
1.887987804957820259e+01 -1.001592382138858994e+01 1.032315613044670854e+01 1.959090006827493724e+01 -1.926703486795781828e+01 1.017144712747015411e+01 -1.014936321590633561e+01 -1.921596683658261639e+01
1.824723461687123205e+01 -9.707418112176533498e+00 9.945756649877681710e+00 1.899677624479206273e+01 -1.865417277005822427e+01 9.825306210325431167e+00 -9.808170304035234821e+00 -1.860033636101094601e+01
1.757662984718128740e+01 -9.460667780435141339e+00 9.625473920720335030e+00 1.835801536876025253e+01 -1.799968989667715036e+01 9.538515952826580602e+00 -9.526661393164987501e+00 -1.794356454641621923e+01
1.687409493531567861e+01 -9.280191081953502064e+00 9.367473068486596333e+00 1.768010482795748572e+01 -1.730933363353853593e+01 9.315950521930133732e+00 -9.309664195319690805e+00 -1.725143785482563885e+01
1.614618673650402769e+01 -9.169916877503347052e+00 9.176392384956962189e+00 1.696912035664590945e+01 -1.658941165453514444e+01 9.161927503480956858e+00 -9.161445346192316208e+00 -1.653029853484113687e+01
1.539993011553254298e+01 -9.133124469621186847e+00 9.056277088407391318e+00 1.623167548334598820e+01 -1.584673800860859849e+01 9.080144367886280321e+00 -9.085647307165281461e+00 -1.578699019848186680e+01
1.464275349343648003e+01 -9.172389086011133230e+00 9.010517933320198125e+00 1.547486358671989848e+01 -1.508857207566341962e+01 9.073620161387239591e+00 -9.085230550200893873e+00 -1.502879630938574174e+01
1.388241814587934897e+01 -9.289533771550379626e+00 9.041795488812589099e+00 1.470619302489427938e+01 -1.432255089862615094e+01 9.144643216977138778e+00 -9.162421815540206183e+00 -1.426337209586084498e+01
1.312694189207962125e+01 -9.485588396353650253e+00 9.152030860320460093e+00 1.393351589385535405e+01 -1.355661548662872562e+01 9.294725629705549608e+00 -9.318669182132538253e+00 -1.349867048974575034e+01
1.238451789249009138e+01 -9.760756423461220521e+00 9.342343574468921830e+00 1.316495105654998277e+01 -1.279893176735435745e+01 9.524565182122717744e+00 -9.554604631066069942e+00 -1.274286277461888162e+01
1.166342934636780626e+01 -1.011439000699040491e+01 9.613017282959511078e+00 1.240880216494169730e+01 -1.205780694377309814e+01 9.834015337430663806e+00 -9.870014713462275324e+00 -1.200425470353430413e+01
1.097196094590998072e+01 -1.054497391068168888e+01 9.963473868241766951e+00 1.167347147145611785e+01 -1.134160208079910603e+01 1.022206384110270605e+01 -1.026381985692856347e+01 -1.129119891614512383e+01
1.031830800086844135e+01 -1.105011864842992964e+01 1.039225645236055229e+01 1.096737029301733735e+01 -1.065864180986653942e+01 1.068682038701029846e+01 -1.073406275944005550e+01 -1.061200454685617700e+01
9.710484195651890360e+00 -1.162656315347710212e+01 1.089702172143760528e+01 1.029882704929964099e+01 -1.001712209316231039e+01 1.122551371225826244e+01 -1.127790622725390079e+01 -9.974844968647392562e+00
9.156228979141660673e+00 -1.227018718240018735e+01 1.147454188261508712e+01 9.675993846050513270e+00 -9.425017033469785588e+00 1.183449838687867128e+01 -1.189164071505553721e+01 -9.387664660633854297e+00
8.662915615130614810e+00 -1.297603355489260579e+01 1.212071646891337551e+01 9.106752613623708470e+00 -8.889985749560233685e+00 1.250927146126047518e+01 -1.257070172299289013e+01 -8.858086220578293535e+00
8.237460937912782555e+00 -1.373834022171019953e+01 1.283059410137264145e+01 8.598621839535869782e+00 -8.419280360213978298e+00 1.324449902676757418e+01 -1.330969709764703879e+01 -8.393318565850817592e+00
7.886237862676157562e+00 -1.455058204220612694e+01 1.359840420817109852e+01 8.158664951375957486e+00 -8.019656131768563512e+00 1.403405263456161656e+01 -1.410244417345998613e+01 -8.000067377256037560e+00
7.614991693687784391e+00 -1.540552204082397303e+01 1.441759858831797914e+01 7.793401412320427823e+00 -7.697284844204880017e+00 1.487105540539461224e+01 -1.494201657889157353e+01 -7.684448839357207461e+00
7.428761254635462663e+00 -1.629527180001507247e+01 1.528090259423273700e+01 7.508721585529487541e+00 -7.457672418948781967e+00 1.574793755031096509e+01 -1.582080041885121346e+01 -7.451907718185054819e+00
7.331805834870252170e+00 -1.721136053656427833e+01 1.618037559430796790e+01 7.309806405641598559e+00 -7.305581827671366213e+00 1.665650091007135103e+01 -1.673055943301891801e+01 -7.307140792422297082e+00
7.327538902775845742e+00 -1.814481230054050087e+01 1.710748026470100669e+01 7.201052865399294234e+00 -7.244962265438131155e+00 1.758799201097057363e+01 -1.766250861982292975e+01 -7.254026617335670224e+00
7.418469483313851143e+00 -1.908623063230668748e+01 1.805316015040613209e+01 7.186006283222345914e+00 -7.278885523744667907e+00 1.853318302785991278e+01 -1.860739570936822318e+01 -7.295562552055685046e+00
7.606152031331825825e+00 -2.002588991449479039e+01 1.900792483041850289e+01 7.267300263525873660e+00 -7.409490439583130694e+00 1.948245994288080141e+01 -1.955558976678815952e+01 -7.433809920588553055e+00
7.891145555984298454e+00 -2.095383256379086845e+01 1.996194192178525029e+01 7.446605196131196536e+00 -7.637936226144622864e+00 2.042591709192298310e+01 -2.049717611156938091e+01 -7.669848105630803659e+00
8.272982665249520196e+00 -2.185997112296526623e+01 2.090513506378760056e+01 7.724586064743416358e+00 -7.964365409649110106e+00 2.135345720134749214e+01 -2.142205664958331113e+01 -8.003738292425358836e+00
8.750149103795106242e+00 -2.273419423792446992e+01 2.182728693759933236e+01 8.100870247813647396e+00 -8.387877005808061170e+00 2.225489593621647089e+01 -2.232005463399505274e+01 -8.434497488259570019e+00
9.320074253247918605e+00 -2.356647543869434713e+01 2.271814629964552523e+01 8.574025898935289547e+00 -8.906510469393616347e+00 2.312006990923170946e+01 -2.318102279998835513e+01 -8.960083342597236822e+00
9.979132952258483513e+00 -2.434698358810143759e+01 2.356753793958857557e+01 9.141551389135713634e+00 -9.517240842257150391e+00 2.393894703780130584e+01 -2.399495375733587110e+01 -9.577390184211495239e+00
1.072265887573045617e+01 -2.506619381834442351e+01 2.436547441735193331e+01 9.799876181024664845e+00 -1.021598540996536819e+01 2.470173808603092169e+01 -2.475209147515046837e+01 -1.028225657610678745e+01
1.154496958940701745e+01 -2.571499774435669394e+01 2.510226838870795163e+01 1.054437338586138750e+01 -1.099762205615895638e+01 2.539900818976653341e+01 -2.544304265546013255e+01 -1.106948456764730082e+01
1.243940326895676307e+01 -2.628481172445656000e+01 2.576864429644096788e+01 1.136938413041145779e+01 -1.185601937803086692e+01 2.602178713677199795e+01 -2.605888676721902897e+01 -1.193287069739574591e+01
1.339836694312521992e+01 -2.676768193372105031e+01 2.635584818456118228e+01 1.226825373227054428e+01 -1.278407849728862011e+01 2.656167716125136380e+01 -2.659128350053353174e+01 -1.286524867103403835e+01
1.441339598982541759e+01 -2.715638502412866728e+01 2.685575438696589146e+01 1.323337955149560230e+01 -1.377378636998914274e+01 2.701095701262703130e+01 -2.703257640263836947e+01 -1.385854350777156618e+01
1.547522448366878578e+01 -2.744452316796448699e+01 2.726096784965626085e+01 1.425627025432035033e+01 -1.481628026714650481e+01 2.736268107302166186e+01 -2.737589147275348012e+01 -1.490383681727980481e+01
1.657386586485715085e+01 -2.762661231729206435e+01 2.756492086730231605e+01 1.532761609289264548e+01 -1.590192296747357048e+01 2.761077232637186896e+01 -2.761522952248289542e+01 -1.599144273888654055e+01
1.769870327403877042e+01 -2.769816256233284690e+01 2.776196305064061676e+01 1.643736967484004907e+01 -1.702038807550879795e+01 2.775010802448102964e+01 -2.774555115182690201e+01 -1.711099394699849796e+01
1.883858877714176572e+01 -2.765574953506591527e+01 2.784744339075961506e+01 1.757483656953169415e+01 -1.816075475417726182e+01 2.777659695139337970e+01 -2.776285324795215814e+01 -1.825153700297489578e+01
1.998195058977507088e+01 -2.749707588081971821e+01 2.781778334949481035e+01 1.872877497564014959e+01 -1.931161104200417356e+01 2.768724725688236532e+01 -2.766423598423030228e+01 -1.940163621540657601e+01
2.111690730392646742e+01 -2.722102190947221345e+01 2.767053998147716953e+01 1.988750355847087192e+01 -2.046116481316913749e+01 2.748022391207681636e+01 -2.744795938018586412e+01 -2.054948505939128012e+01
2.223138802172612571e+01 -2.682768463835503781e+01 2.740445818225762054e+01 2.103901645693151323e+01 -2.159736133474024911e+01 2.715489493462959558e+01 -2.711348857820885172e+01 -2.168302410231040511e+01
2.331325721324444800e+01 -2.631840455017533387e+01 2.701951125761860339e+01 2.217110436031349252e+01 -2.270800628107256713e+01 2.671186563654725887e+01 -2.666152709935808218e+01 -2.279006429011203494e+01
2.435044303882659733e+01 -2.569577951019422812e+01 2.651692912078718933e+01 2.327148046553296368e+01 -2.378089298172714905e+01 2.615300026388715082e+01 -2.609403745733867197e+01 -2.385841436541538485e+01
2.533106781239852978e+01 -2.496366541637441117e+01 2.589921354575042045e+01 2.432791004731757312e+01 -2.480393260749894324e+01 2.548143052289719890e+01 -2.541424863568053283e+01 -2.487601111799533271e+01
2.624357923145879568e+01 -2.412716329295542650e+01 2.517014003508072051e+01 2.532834230811268128e+01 -2.576528594025712238e+01 2.470155062060800333e+01 -2.462665006704854420e+01 -2.583105111039810708e+01
2.707688096291147417e+01 -2.319259268055418843e+01 2.433474599832828389e+01 2.626104312218143733e+01 -2.665349532719695702e+01 2.381899858805807568e+01 -2.373697189414547637e+01 -2.671212247746544932e+01
2.782046115217173110e+01 -2.216745132295006826e+01 2.339930508074186122e+01 2.711472725032006537e+01 -2.745761538953887992e+01 2.284062379981485691e+01 -2.275215143739184853e+01 -2.750833536915354216e+01
2.846451741660556678e+01 -2.106036130065192324e+01 2.237128763036159995e+01 2.787868857849201021e+01 -2.816734104029868746e+01 2.177444075273422541e+01 -2.168028594396622566e+01 -2.820944959182487111e+01
2.900007689370785613e+01 -1.988100191255373161e+01 2.125930744283212448e+01 2.854292692603852899e+01 -2.877313136594905529e+01 2.062956931839854136e+01 -2.053057184428040927e+01 -2.880599800460714732e+01
2.941910993966741472e+01 -1.864002975781691518e+01 2.007305507599345873e+01 2.909826997732120191e+01 -2.926632794288352812e+01 1.941616183575373711e+01 -1.931323089390988912e+01 -2.928940424472955328e+01
2.971463611513134140e+01 -1.734898661889745242e+01 1.882321817876092140e+01 2.953648891489864425e+01 -2.963926619170003463e+01 1.814531756146005392e+01 -1.803942372973038744e+01 -2.965209338906713299e+01
2.988082115190363908e+01 -1.602019589168379454e+01 1.752138942931421184e+01 2.985040637266424568e+01 -2.988537842038167724e+01 1.682898514369113840e+01 -1.672115151683956924e+01 -2.988759420837771330e+01
2.991306366665806848e+01 -1.466664844835827353e+01 1.617996282448459056e+01 3.003399538362629784e+01 -2.999928727123400307e+01 1.547985392887612122e+01 -1.537114650608451072e+01 -2.999063173565288309e+01
2.980807047499821039e+01 -1.330187895120120700e+01 1.481201920377114334e+01 3.008246806886920410e+01 -2.997688836552536173e+01 1.411123504851229349e+01 -1.400275245900679622e+01 -2.995720895019811536e+01
2.956391946067117971e+01 -1.193983375953407311e+01 1.343120202597591373e+01 2.999235290118865649e+01 -2.981542103357940832e+01 1.273693336305355572e+01 -1.262979602613505392e+01 -2.978467647390286643e+01
2.918010906957772477e+01 -1.059473168582329095e+01 1.205158454241500365e+01 2.976155947826369186e+01 -2.951352612582329016e+01 1.137111146043107723e+01 -1.126645028423398642e+01 -2.947178928488326122e+01
2.865759362540088517e+01 -9.280918959203233953e+00 1.068752962649637084e+01 2.938942985516124651e+01 -2.907129002106942295e+01 1.002814701649211671e+01 -9.927091746872058309e+00 -2.901874957533467381e+01
2.799880380202395003e+01 -8.012719843992531565e+00 9.353543623699103193e+00 2.887677561344742116e+01 -2.849027408101216707e+01 8.722484922148563413e+00 -8.626152259103481157e+00 -2.842723501391573038e+01
2.720765173610852372e+01 -6.804284435957061561e+00 8.064125677288661365e+00 2.822589998303038072e+01 -2.777352894331118094e+01 7.468485666017164348e+00 -7.377967269892797830e+00 -2.770041181704785771e+01
2.628952041980600285e+01 -5.669435219037415763e+00 6.833614062223970720e+00 2.744060448176387013e+01 -2.692559319832959730e+01 6.280271530643808831e+00 -6.196622043988455175e+00 -2.684293218676411641e+01
2.525123717701448101e+01 -4.621514009077580809e+00 5.676031121554785841e+00 2.652617969534508546e+01 -2.595247615508970540e+01 5.171572214011289859e+00 -5.095797427264294299e+00 -2.586091583366226132e+01
2.410103119519874326e+01 -3.673230937996496692e+00 4.604928445221560196e+00 2.548937998457376963e+01 -2.486162456868267157e+01 4.155571525066177330e+00 -4.088616815240269986e+00 -2.476191547048370722e+01
2.284847525681007241e+01 -2.836517141239825790e+00 3.633233959766547727e+00 2.433838207692492972e+01 -2.366187337250651979e+01 3.244756821765022892e+00 -3.187495992879069817e+00 -2.355486633313147848e+01
2.150441198795282105e+01 -2.122382802821938697e+00 2.773102608429358185e+00 2.308272767286079841e+01 -2.236338063251506014e+01 2.450772862110756734e+00 -2.403997514325885376e+00 -2.225001995975887681e+01
2.008086511527650586e+01 -1.540782185594776976e+00 2.035772294001573002e+00 2.173325037253620096e+01 -2.097754711528655847e+01 1.784281722491019906e+00 -1.748691273693182779e+00 -2.085886263305086885e+01
1.859093639322639291e+01 -1.100487229532610911e+00 1.431426731412576814e+00 2.030198740365079857e+01 -1.951692103527059174e+01 1.254830403198242905e+00 -1.231022882163712140e+00 -1.939401906408694742e+01
1.704868903085555232e+01 -8.089712379707858503e-01 9.690668132688955438e-01 1.880207680425820271e+01 -1.799508871713170066e+01 8.707276883626242636e-01 -8.591914126639714766e-01 -1.786914206630458324e+01
1.546901860849239263e+01 -6.723040912534408164e-01 6.563920296288134892e-01 1.724764088343145829e+01 -1.642655207476495605e+01 6.389317569192023427e-01 -6.400380014183202348e-01 -1.629878913316494859e+01
1.386751262780953020e+01 -6.950603297002952985e-01 4.996934035212241554e-01 1.565365694589406154e+01 -1.482659396742047875e+01 5.649499531164909882e-01 -5.789467063034319239e-01 -1.469828699126934524e+01
1.226029998244617403e+01 -8.802413339629833189e-01 5.037593066726273605e-01 1.403581642217512204e+01 -1.321113264359165562e+01 6.527520201128922395e-01 -6.797589157548173944e-01 -1.308358535004235357e+01
