-2.180000000000000071e+01 -2.000000000000000000e+01
-2.182080426855926447e+01 -1.981731020078231609e+01
-2.182330701203635215e+01 -1.963039737084690017e+01
-2.180686808905528906e+01 -1.944107020179232848e+01
-2.177102353148002933e+01 -1.925122326066453127e+01
-2.171549629648314905e+01 -1.906282010191345577e+01
-2.164020542884546927e+01 -1.887787509288494547e+01
-2.154527348454327651e+01 -1.869843409933150369e+01
-2.143103207982563063e+01 -1.852655419423555827e+01
-2.129802544498805617e+01 -1.836428256890886246e+01
-2.114701187881660616e+01 -1.821363483966008445e+01
-2.097896301809194242e+01 -1.807657295611457116e+01
-2.079506085647009783e+01 -1.795498292834129828e+01
-2.059669246833726675e+01 -1.785065259911828406e+01
-2.038544241569418247e+01 -1.776524969479032023e+01
-2.016308283956630376e+01 -1.770030039309830272e+01
-1.993156126164735298e+01 -1.765716864896284122e+01
-1.969298614663934544e+01 -1.763703651938079631e+01
-1.944961030081169540e+01 -1.764088572625911411e+01
-1.920381220741422368e+01 -1.766948069110539166e+01
-1.895807542448341820e+01 -1.772335326798443234e+01
-1.871496619501171566e+01 -1.780278939102536029e+01
-1.847710944313435633e+01 -1.790781784004251165e+01
-1.824716335265610923e+01 -1.803820131256119907e+01
-1.802779274561968137e+01 -1.819342997279006724e+01
-1.782164149844283685e+01 -1.837271762795740671e+01
-1.763130425116301225e+01 -1.857500066005956185e+01
-1.745929768127799164e+01 -1.879893981661395941e+01
-1.730803162732300038e+01 -1.904292493765186123e+01
-1.717978035845919393e+01 -1.930508266813866314e+01
-1.707665429476510610e+01 -1.958328717550773490e+01
-1.700057248844221647e+01 -1.987517386129685093e+01
-1.695323617861372512e+01 -2.017815602426445309e+01
-1.693610373168346328e+01 -2.048944440013501378e+01
-1.695036727523074305e+01 -2.080606947059489897e+01
-1.699693132607811208e+01 -2.112490640166125644e+01
-1.707639370244700316e+01 -2.144270243941675602e+01
-1.718902899600925949e+01 -2.175610655969022034e+01
-1.733477486218444952e+01 -2.206170113791926113e+01
-1.751322136629296011e+01 -2.235603537650795758e+01
-1.772360359926013729e+01 -2.263566019984060063e+01
-1.796479774961935050e+01 -2.289716430207363729e+01
-1.823532078876219842e+01 -2.313721101023478255e+01
-1.853333389394650865e+01 -2.335257560532847876e+01
-1.885664969874786934e+01 -2.354018272738002082e+01
-1.920274342371142140e+01 -2.369714347692474732e+01
-1.956876790124175614e+01 -2.382079181561541859e+01
-1.995157246860475553e+01 -2.390871986260400561e+01
-2.034772566167613306e+01 -2.395881168134386385e+01
-2.075354160015156779e+01 -2.396927515361040761e+01
-2.116510991274764919e+01 -2.393867154397010566e+01
-2.157832900890218042e+01 -2.386594236871515307e+01
-2.198894246207094483e+01 -2.375043319845826417e+01
-2.239257822936845344e+01 -2.359191404313773077e+01
-2.278479039346891355e+01 -2.339059599205956630e+01
-2.316110307582703598e+01 -2.314714380969768115e+01
-2.351705613584695698e+01 -2.286268422013231216e+01
-2.384825223906237923e+01 -2.253880964903275697e+01
-2.415040484911735064e+01 -2.217757723173610174e+01
-2.441938667376044236e+01 -2.178150293894734446e+01
-2.465127807456607911e+01 -2.135355071755088829e+01
-2.484241493402574719e+01 -2.089711659260001753e+01
-2.498943546232563762e+01 -2.041600772731976932e+01
-2.508932541982251863e+01 -1.991441649046423734e+01
-2.513946123018143197e+01 -1.939688963412121225e+01
-2.513765046353371702e+01 -1.886829273953703279e+01
-2.508216917898916165e+01 -1.833377014319773224e+01
-2.497179563147448889e+01 -1.779870060968539747e+01
-2.480583986919914707e+01 -1.726864907115158232e+01
-2.458416877503653097e+01 -1.674931480502398529e+01
-2.430722613766252493e+01 -1.624647647119660121e+01
-2.397604737626111771e+01 -1.576593447685690563e+01
-2.359226858577365604e+01 -1.531345118069572919e+01
-2.315812961775858980e+01 -1.489468948796024250e+01
-2.267647096460544986e+01 -1.451515042310322201e+01
-2.215072427171448766e+01 -1.418011029713619742e+01
-2.158489636285916902e+01 -1.389455811172743083e+01
-2.098354672778571484e+01 -1.366313386115622386e+01
-2.035175848761390682e+01 -1.349006840604678636e+01
-1.969510292218288683e+01 -1.337912559901437959e+01
-1.901959771348766992e+01 -1.333354734167727429e+01
-1.833165913009440473e+01 -1.335600224469623853e+01
-1.763804844819158291e+01 -1.344853854744136612e+01
-1.694581297499263428e+01 -1.361254193146752201e+01
-1.626222210879817354e+01 -1.384869883219144704e+01
-1.559469893638824445e+01 -1.415696581606919935e+01
-1.495074793177926864e+01 -1.453654554631432205e+01
-1.433787937998512341e+01 -1.498586980899595034e+01
-1.376353120451869216e+01 -1.550259001351375865e+01
-1.323498892723345577e+01 -1.608357551734367519e+01
-1.275930453303794465e+01 -1.672492005504359369e+01
-1.234321504936213643e+01 -1.742195647633678846e+01
-1.199306168040320664e+01 -1.816927991825969713e+01
-1.171471035857250875e+01 -1.896077945254755193e+01
-1.151347458971222260e+01 -1.978967816237600985e+01
-1.139404147412485635e+01 -2.064858151308013134e+01
-1.136040178191303696e+01 -2.152953379038486403e+01
-1.141578494829573920e+01 -2.242408228790118585e+01
-1.156259983227223032e+01 -2.332334883410368676e+01
-1.180238205016186193e+01 -2.421810815867159050e+01
-1.213574865416825688e+01 -2.509887250992948537e+01
-1.256236087531233636e+01 -2.595598185015915149e+01
-1.308089559006391944e+01 -2.677969887476335842e+01
-1.368902610109334539e+01 -2.756030802562941773e+01
-1.438341274518374036e+01 -2.828821759952676729e+01
-1.515970375601389186e+01 -2.895406398990962060e+01
-1.601254671686532660e+01 -2.954881704597119096e+01
-1.693561083904588571e+01 -3.006388548704531161e+01
-1.792162019677003215e+01 -3.049122127424625717e+01
-1.896239793929546025e+01 -3.082342181527639013e+01
-2.004892138726911455e+01 -3.105382886322814073e+01
-2.117138780354067151e+01 -3.117662296648430242e+01
-2.231929051027992372e+01 -3.118691233489845871e+01
-2.348150490526393241e+01 -3.108081500762826010e+01
-2.464638381190358984e+01 -3.085553324049279666e+01
-2.580186148121401146e+01 -3.050941907560628152e+01
-2.693556545077834485e+01 -3.004203011325014927e+01
-2.803493535709829843e+01 -2.945417457530152205e+01
-2.908734769485170801e+01 -2.874794483072118823e+01
-3.008024542075554564e+01 -2.792673864616908475e+01
-3.100127121219795967e+01 -2.699526752817531161e+01
-3.183840311274694557e+01 -2.595955163673328059e+01
-3.258009122919838774e+01 -2.482690087285421043e+01
-3.321539408905265134e+01 -2.360588187355722667e+01
-3.373411322417931046e+01 -2.230627078587883716e+01
-3.412692451681984807e+01 -2.093899183556860422e+01
-3.438550482874841663e+01 -1.951604185489135901e+01
-3.450265243400296811e+01 -1.805040108598507231e+01
-3.447239979061532722e+01 -1.655593073005071503e+01
-3.429011721757208875e+01 -1.504725786673168031e+01
-3.395260609003541674e+01 -1.353964852077575287e+01
-3.345818022869294595e+01 -1.204886980282409858e+01
-3.280673423787125387e+01 -1.059104219627576349e+01
-3.199979764145002292e+01 -9.182483200963341474e+00
-3.104057377519428940e+01 -7.839543675185110416e+00
-2.993396251824519538e+01 -6.578438338839069033e+00
-2.868656608436850775e+01 -5.415072010407017800e+00
-2.730667724417625664e+01 -4.364863247819567249e+00
-2.580424951176898674e+01 -3.442567146352828900e+00
-2.419084900178826913e+01 -2.662099114323030591e+00
-2.247958784426831258e+01 -2.036361498229791067e+00
-2.068503923333557992e+01 -1.577074962060724062e+00
-1.882313438000251438e+01 -1.294616539765847563e+00
-1.691104183719330933e+01 -1.197866274661869568e+00
-1.496702986478584130e+01 -1.294064334131796556e+00
-1.301031270183027466e+01 -1.588680442035037998e+00
-1.106088181012276017e+01 -2.085297404525423559e+00
-9.139323345835544288e+00 -2.785510417489991397e+00
-7.266623301773195820e+00 -3.688843735785717115e+00
-5.463961939876714524e+00 -4.792686156302007561e+00
