-2.180000000000000071e+01 1.200000000000000000e+01
-2.182080426855926447e+01 1.218268979921768214e+01
-2.182330701203635215e+01 1.236960262915309983e+01
-2.180686808905528906e+01 1.255892979820766975e+01
-2.177102353148002933e+01 1.274877673933546696e+01
-2.171549629648314905e+01 1.293717989808654600e+01
-2.164020542884546927e+01 1.312212490711505630e+01
-2.154527348454327651e+01 1.330156590066849631e+01
-2.143103207982563063e+01 1.347344580576444351e+01
-2.129802544498805617e+01 1.363571743109113754e+01
-2.114701187881660616e+01 1.378636516033991377e+01
-2.097896301809194242e+01 1.392342704388542884e+01
-2.079506085647009783e+01 1.404501707165870350e+01
-2.059669246833726675e+01 1.414934740088171772e+01
-2.038544241569418247e+01 1.423475030520968154e+01
-2.016308283956630376e+01 1.429969960690169550e+01
-1.993156126164735298e+01 1.434283135103715878e+01
-1.969298614663934544e+01 1.436296348061920369e+01
-1.944961030081169540e+01 1.435911427374088589e+01
-1.920381220741422368e+01 1.433051930889461012e+01
-1.895807542448341820e+01 1.427664673201556944e+01
-1.871496619501171566e+01 1.419721060897463971e+01
-1.847710944313435633e+01 1.409218215995748835e+01
-1.824716335265610923e+01 1.396179868743880093e+01
-1.802779274561968137e+01 1.380657002720993276e+01
-1.782164149844283685e+01 1.362728237204259507e+01
-1.763130425116301225e+01 1.342499933994043815e+01
-1.745929768127799164e+01 1.320106018338604237e+01
-1.730803162732300038e+01 1.295707506234814055e+01
-1.717978035845919393e+01 1.269491733186133509e+01
-1.707665429476510610e+01 1.241671282449226688e+01
-1.700057248844221647e+01 1.212482613870314907e+01
-1.695323617861372512e+01 1.182184397573554513e+01
-1.693610373168346328e+01 1.151055559986498622e+01
-1.695036727523074305e+01 1.119393052940510280e+01
-1.699693132607811208e+01 1.087509359833874178e+01
-1.707639370244700316e+01 1.055729756058324398e+01
-1.718902899600925949e+01 1.024389344030977789e+01
-1.733477486218444952e+01 9.938298862080737095e+00
-1.751322136629296011e+01 9.643964623492040644e+00
-1.772360359926013729e+01 9.364339800159399374e+00
-1.796479774961935050e+01 9.102835697926364489e+00
-1.823532078876219842e+01 8.862788989765217451e+00
-1.853333389394650865e+01 8.647424394671521242e+00
-1.885664969874786934e+01 8.459817272619977402e+00
-1.920274342371142140e+01 8.302856523075252682e+00
-1.956876790124175614e+01 8.179208184384583191e+00
-1.995157246860475553e+01 8.091280137395994387e+00
-2.034772566167613306e+01 8.041188318656136147e+00
-2.075354160015156779e+01 8.030724846389592386e+00
-2.116510991274764919e+01 8.061328456029892564e+00
-2.157832900890218042e+01 8.134057631284846934e+00
-2.198894246207094483e+01 8.249566801541735828e+00
-2.239257822936845344e+01 8.408085956862269228e+00
-2.278479039346891355e+01 8.609404007940433701e+00
-2.316110307582703598e+01 8.852856190302318851e+00
-2.351705613584695698e+01 9.137315779867689614e+00
-2.384825223906237923e+01 9.461190350967244811e+00
-2.415040484911735064e+01 9.822422768263896486e+00
-2.441938667376044236e+01 1.021849706105265554e+01
-2.465127807456607911e+01 1.064644928244910993e+01
-2.484241493402574719e+01 1.110288340739998247e+01
-2.498943546232563762e+01 1.158399227268022891e+01
-2.508932541982251863e+01 1.208558350953576266e+01
-2.513946123018143197e+01 1.260311036587878952e+01
-2.513765046353371702e+01 1.313170726046296721e+01
-2.508216917898916165e+01 1.366622985680226954e+01
-2.497179563147448889e+01 1.420129939031460076e+01
-2.480583986919914707e+01 1.473135092884841590e+01
-2.458416877503653097e+01 1.525068519497601471e+01
-2.430722613766252493e+01 1.575352352880339879e+01
-2.397604737626111771e+01 1.623406552314309437e+01
-2.359226858577365604e+01 1.668654881930427081e+01
-2.315812961775858980e+01 1.710531051203975750e+01
-2.267647096460544986e+01 1.748484957689677799e+01
-2.215072427171448766e+01 1.781988970286380436e+01
-2.158489636285916902e+01 1.810544188827256917e+01
-2.098354672778571484e+01 1.833686613884377437e+01
-2.035175848761390682e+01 1.850993159395321186e+01
-1.969510292218288683e+01 1.862087440098562041e+01
-1.901959771348766992e+01 1.866645265832272571e+01
-1.833165913009440473e+01 1.864399775530376147e+01
-1.763804844819158291e+01 1.855146145255863388e+01
-1.694581297499263428e+01 1.838745806853247799e+01
-1.626222210879817354e+01 1.815130116780855474e+01
-1.559469893638824445e+01 1.784303418393080065e+01
-1.495074793177926864e+01 1.746345445368567795e+01
-1.433787937998512341e+01 1.701413019100404966e+01
-1.376353120451869216e+01 1.649740998648623957e+01
-1.323498892723345577e+01 1.591642448265632481e+01
-1.275930453303794465e+01 1.527507994495640453e+01
-1.234321504936213643e+01 1.457804352366321154e+01
-1.199306168040320664e+01 1.383072008174030110e+01
-1.171471035857250875e+01 1.303922054745244630e+01
-1.151347458971222260e+01 1.221032183762399015e+01
-1.139404147412485635e+01 1.135141848691986866e+01
-1.136040178191303696e+01 1.047046620961513597e+01
-1.141578494829573920e+01 9.575917712098814150e+00
-1.156259983227223032e+01 8.676651165896313245e+00
-1.180238205016186193e+01 7.781891841328410386e+00
-1.213574865416825688e+01 6.901127490070513737e+00
-1.256236087531233636e+01 6.044018149840847620e+00
-1.308089559006391944e+01 5.220301125236641582e+00
-1.368902610109334539e+01 4.439691974370581384e+00
-1.438341274518374036e+01 3.711782400473230936e+00
-1.515970375601389186e+01 3.045936010090377621e+00
-1.601254671686532660e+01 2.451182954028809036e+00
-1.693561083904588571e+01 1.936114512954690170e+00
-1.792162019677003215e+01 1.508778725753744610e+00
-1.896239793929546025e+01 1.176578184723609866e+00
-2.004892138726911455e+01 9.461711367718574905e-01
-2.117138780354067151e+01 8.233770335156975761e-01
-2.231929051027992372e+01 8.130876651015412904e-01
-2.348150490526393241e+01 9.191849923717381188e-01
-2.464638381190358984e+01 1.144466759507201559e+00
-2.580186148121401146e+01 1.490580924393720252e+00
-2.693556545077834485e+01 1.957969886749852506e+00
-2.803493535709829843e+01 2.545825424698476169e+00
-2.908734769485170801e+01 3.252055169278813551e+00
-3.008024542075554564e+01 4.073261353830915255e+00
-3.100127121219795967e+01 5.004732471824690165e+00
-3.183840311274694557e+01 6.040448363266721188e+00
-3.258009122919838774e+01 7.173099127145790455e+00
-3.321539408905265134e+01 8.394118126442773331e+00
-3.373411322417931046e+01 9.693729214121164617e+00
-3.412692451681984807e+01 1.106100816443139756e+01
-3.438550482874841663e+01 1.248395814510863921e+01
-3.450265243400296811e+01 1.394959891401492946e+01
-3.447239979061532722e+01 1.544406926994928320e+01
-3.429011721757208875e+01 1.695274213326831969e+01
-3.395260609003541674e+01 1.846035147922424713e+01
-3.345818022869294595e+01 1.995113019717589964e+01
-3.280673423787125387e+01 2.140895780372423474e+01
-3.199979764145002292e+01 2.281751679903666030e+01
-3.104057377519428940e+01 2.416045632481488781e+01
-2.993396251824519538e+01 2.542156166116092919e+01
-2.868656608436850775e+01 2.658492798959298398e+01
-2.730667724417625664e+01 2.763513675218043275e+01
-2.580424951176898674e+01 2.855743285364717110e+01
-2.419084900178826913e+01 2.933790088567696941e+01
-2.247958784426831258e+01 2.996363850177020893e+01
-2.068503923333557992e+01 3.042292503793927594e+01
-1.882313438000251438e+01 3.070538346023415244e+01
-1.691104183719330933e+01 3.080213372533813043e+01
-1.496702986478584130e+01 3.070593566586820344e+01
-1.301031270183027466e+01 3.041131955796496200e+01
-1.106088181012276017e+01 2.991470259547457644e+01
-9.139323345835544288e+00 2.921448958251000860e+01
-7.266623301773195820e+00 2.831115626421428288e+01
-5.463961939876714524e+00 2.720731384369799244e+01
